3.327030812
0.280881376
0.310108594
1.44230574
0.366164192
0.413838146
5.426415327
0.150530619
0.444475575
0.367162391
4.453083149
0.296855553
6.400102546
0.393608843
0.30018302
3.362089391
0.329793971
7.196660297
0.370036447
1.301183364
0.201600247
3.289160038
0.314306504
0.425830077
4.298346989
0.416505999
3.362645664
4.439552042
0.4611593
7.353427254
0.276761565
0.342403882
9.326891055
0.398789446
8.281530864
0.318042498
0.390718064
1.317414004
0.379270715
0.416838785
0.485834601
0.433932103
3.215686275
0.259054122
0.314383751
0.26087046
2.30412881
3.071138793
4.254774194
5.192239859
6.264053418
9.276754473
1.328322481
2.398278479
6.168972033
5.288441362
0.000000000
0.330120152
9.383962798
1.254193731
0.263970618
0.261414688
0.35488969
0.189724493
2.172043011
0.26268465
0.319276355
0.215777137
0.264252097
0.216852333
0.253943161
0.162657694
0.274213151
0.239032585
0.385315455
0.295269554
0.193360513
0.298611111
0.137254902
0.25462963
0.031746032
0.171862301
0.155555556
0.36092565
9.228147978
0.288445339
0.24615074
0.258685759
0.150057274
0.135753968
8.227339181
0.35876016
0.383339786
1.131061862